community_avg_clustering: 0.839055389055389
community_avg_shortest_path: 1.3142857142857143
